# This is a comment, anything starting with a '#' is ignored
# Board 1
#
# Tiles:
#	0 : Regular	( destroyed with 1 hit, blue )
#	1 : Explosibe	( destroyed with 1 hit, destroys nearby tiles, orange )
#	2 : Hard	( destroyed with 5 hits, white -> black )
#	3 : Unbreakable ( destroyed with lots and lots of hits, yellow )

# 60 200 0
#125 200 0
#190 200 0
#255 200 2
#320 200 1
#385 200 1
#450 200 2
#515 200 0
#580 200 0
#645 200 0
#710 200 0
#775 200 0
#840 200 0

# 60 225 0
#125 225 0
#190 225 0
#255 225 2
#320 225 1
#385 225 1
#450 225 2
#515 225 0
#580 225 0
#645 225 0
#710 225 0
#775 225 0
#840 225 0

 60 250 0
125 250 0
190 250 0
255 250 2
320 250 1
385 250 1
450 250 2
515 250 0
580 250 0
645 250 0
710 250 0
775 250 0
840 250 0

60 275 0
125 275 0
190 275 0
255 275 2
320 275 1
385 275 1
450 275 2
515 275 0
580 275 0
645 275 0
710 275 0
775 275 0
840 275 0

60 300 0
125 300 0
190 300 0
255 300 2
320 300 1
385 300 1
450 300 2
515 300 0
580 300 0
645 300 0
710 300 0
775 300 0
840 300 0

60 325 0
125 325 0
190 325 0
255 325 2
320 325 1
385 325 1
450 325 2
515 325 0
580 325 0
645 325 0
710 325 0
775 325 0
840 325 0

60 350 0
125 350 0
190 350 0
255 350 2
320 350 1
385 350 1
450 350 2
515 350 0
580 350 0
645 350 0
710 350 0
775 350 0
840 350 0

60 375 0
125 375 0
190 375 0
255 375 2
320 375 1
385 375 1
450 375 2
515 375 0
580 375 0
645 375 0
710 375 0
775 375 0
840 375 0

60 400 0
125 400 0
190 400 0
255 400 2
320 400 1
385 400 1
450 400 2
515 400 0
580 400 0
645 400 0
710 400 0
775 400 0
840 400 0

60 425 2
125 425 2
190 425 2
255 425 2
320 425 1
385 425 1
450 425 2
515 425 2
580 425 2
645 425 2
710 425 2
775 425 2
840 425 2

60 450 1
125 450 1
190 450 1
255 450 1
320 450 1
385 450 1
450 450 1
515 450 1
580 450 1
645 450 1
710 450 1
775 450 1
840 450 1

60 475 1
125 475 1
190 475 1
255 475 1
320 475 1
385 475 1
450 475 1
515 475 1
580 475 1
645 475 1
710 475 1
775 475 1
840 475 1

60 500 2
125 500 2
190 500 2
255 500 2
320 500 1
385 500 1
450 500 2
515 500 2
580 500 2
645 500 2
710 500 2
775 500 2
840 500 2

60 525 0
125 525 0
190 525 0
255 525 2
320 525 1
385 525 1
450 525 2
515 525 0
580 525 0
645 525 0
710 525 0
775 525 0
840 525 0

60 550 0
125 550 0
190 550 0
255 550 2
320 550 1
385 550 1
450 550 2
515 550 0
580 550 0
645 550 0
710 550 0
775 550 0
840 550 0

60 575 0
125 575 0
190 575 0
255 575 2
320 575 1
385 575 1
450 575 2
515 575 0
580 575 0
645 575 0
710 575 0
775 575 0
840 575 0

60 600 0
125 600 0
190 600 0
255 600 2
320 600 1
385 600 1
450 600 2
515 600 0
580 600 0
645 600 0
710 600 0
775 600 0
840 600 0

60 625 0
125 625 0
190 625 0
255 625 2
320 625 1
385 625 1
450 625 2
515 625 0
580 625 0
645 625 0
710 625 0
775 625 0
840 625 0

60 650 0
125 650 0
190 650 0
255 650 2
320 650 1
385 650 1
450 650 2
515 650 0
580 650 0
645 650 0
710 650 0
775 650 0
840 650 0

#60 675 0
#125 675 0
#190 675 0
#255 675 2
#320 675 1
#385 675 1
#450 675 2
#515 675 0
#580 675 0
#645 675 0
#710 675 0
#775 675 0
#840 675 0






