# This is a comment, anything starting with a '#' is ignored
# Board 1
#
# Tiles:
#	0 : Regular	( destroyed with 1 hit, blue )
#	1 : Explosibe	( destroyed with 1 hit, destroys nearby tiles, orange )
#	2 : Hard	( destroyed with 5 hits, white -> black )
#	3 : Unbreakable ( destroyed with lots and lots of hits, yellow )


800 100 1
865 100 1
780 125 1
750 150 1
750 175 1
780 200 1
800 225 1
865 225 1

1000 175 1
1065 175 1
1130 175 1
1195 175 1

1000 150 1
1065 150 1
1130 150 1
1195 150 1

1065 200 1
1130 200 1
1065 225 1
1130 225 1

1065 125 1
1130 125 1
1065 100 1
1130 100 1

1300 175 1
1365 175 1
1430 175 1
1495 175 1

1300 150 1
1365 150 1
1430 150 1
1495 150 1

1365 200 1
1430 200 1
1365 225 1
1430 225 1

1365 125 1
1430 125 1
1365 100 1
1430 100 1


# Lower`
800 350 1
865 350 1
780 375 1
750 400 1
750 425 1
780 450 1
800 475 1
865 475 1

1000 425 1
1065 425 1
1130 425 1
1195 425 1

1000 400 1
1065 400 1
1130 400 1
1195 400 1

1065 450 1
1130 450 1
1065 475 1
1130 475 1

1065 375 1
1130 375 1
1065 350 1
1130 350 1


# + 2
1300 425 1
1365 425 1
1430 425 1
1495 425 1

1300 400 1
1365 400 1
1430 400 1
1495 400 1

1365 450 1
1430 450 1
1365 475 1
1430 475 1

1365 375 1
1430 375 1
1365 350 1
1430 350 1



#450 375 2
#515 375 0
#580 375 0
#645 375 0
#710 375 0
#775 375 0
#840 375 0
