RES: 1920 720

475 000 2
475 025 2
475 050 2
475 075 2
475 100 2
475 125 2
475 150 2
475 175 2
475 200 2
475 225 2
475 250 2
475 275 2
475 300 2
475 325 2
475 350 2
475 375 2
475 400 2
475 425 2
475 450 2
475 475 2

1385 000 2
1385 025 2
1385 050 2
1385 075 2
1385 100 2
1385 125 2
1385 150 2
1385 175 2
1385 200 2
1385 225 2
1385 250 2
1385 275 2
1385 300 2
1385 325 2
1385 350 2
1385 375 2
1385 400 2
1385 425 2
1385 450 2
1385 475 2

540 475 2
605 475 2
670 475 2
735 475 2
800 475 2
865 475 2
930 475 2
995 475 2
1060 475 2
1125 475 2
1190 475 2
1255 475 2
1320 475 2

540 450 0
605 450 2
670 450 0
735 450 2
800 450 0
865 450 2
930 450 0
995 450 2
1060 450 0
1125 450 2
1190 450 0
1255 450 2
1320 450 0

540 425 0
605 425 0
670 425 0
735 425 0
800 425 0
865 425 0
930 425 0
995 425 0
1060 425 0
1125 425 0
1190 425 0
1255 425 0
1320 425 0

540 400 0
605 400 0
670 400 0
735 400 0
800 400 0
865 400 0
930 400 0
995 400 0
1060 400 0
1125 400 0
1190 400 0
1255 400 0
1320 400 0

540 375 2
605 375 0
670 375 2
735 375 0
800 375 2
865 375 0
930 375 2
995 375 0
1060 375 2
1125 375 0
1190 375 2
1255 375 0
1320 375 2

540 350 2
605 350 2
670 350 2
735 350 2
800 350 2
865 350 2
930 350 2
995 350 2
1060 350 2
1125 350 2
1190 350 2
1255 350 2
1320 350 2

540 325 2
605 325 2
670 350 2
735 350 2
800 350 2
865 350 2
930 350 2
995 350 2
1060 350 2
1125 350 2
1190 350 2
1255 350 2
1320 350 2

540 325 2
605 325 2
670 325 2
735 325 2
800 325 2
865 325 2
930 325 2
995 325 2
1060 325 2
1125 325 2
1190 325 2
1255 325 2
1320 325 2

540 300 2
605 300 2
670 300 2
735 300 2
800 300 2
865 300 2
930 300 2
995 300 2
1060 300 2
1125 300 2
1190 300 2
1255 300 2
1320 300 2

540 275 2
605 275 2
670 275 2
735 275 2
800 275 2
865 275 2
930 275 2
995 275 2
1060 275 2
1125 275 2
1190 275 2
1255 275 2
1320 275 2

540 250 2
605 250 2
670 250 2
735 250 2
800 250 2
865 250 2
930 250 2
995 250 2
1060 250 2
1125 250 2
1190 250 2
1255 250 2
1320 250 2

540 225 2
605 225 2
670 225 2
735 225 2
800 225 2
865 225 2
930 225 2
995 225 2
1060 225 2
1125 225 2
1190 225 2
1255 225 2
1320 225 2

540 200 2
605 200 0
670 200 0
735 200 2
800 200 2
865 200 2
930 200 2
995 200 2
1060 200 2
1125 200 2
1190 200 0
1255 200 0
1320 200 2

540 175 0
605 175 0
670 175 0
735 175 0
800 175 2
865 175 2
930 175 2
995 175 2
1060 175 2
1125 175 0
1190 175 0
1255 175 0
1320 175 0

540 150 0
605 150 0
670 150 0
735 150 0
800 150 2
865 150 2
930 150 2
995 150 2
1060 150 2
1125 150 0
1190 150 0
1255 150 0
1320 150 0

540 125 0
605 125 0
670 125 0
735 125 0
800 125 2
865 125 2
930 125 2
995 125 2
1060 125 2
1125 125 0
1190 125 0
1255 125 0
1320 125 0

540 100 0
605 100 0
670 100 0
735 100 0
800 100 2
865 100 2
930 100 2
995 100 2
1060 100 2
1125 100 0
1190 100 0
1255 100 0
1320 100 0

540 75 0
605 75 0
670 75 0
735 75 0
800 75 2
865 75 2
930 75 2
995 75 2
1060 75 2
1125 75 0
1190 75 0
1255 75 0
1320 75 0

540 50 0
605 50 0
670 50 0
735 50 0
800 50 2
865 50 2
930 50 2
995 50 2
1060 50 2
1125 50 0
1190 50 0
1255 50 0
1320 50 0

540 25 2
605 25 0
670 25 0
735 25 2
800 25 2
865 25 2
930 25 2
995 25 2
1060 25 2
1125 25 2
1190 25 0
1255 25 0
1320 25 2

540 000 2
605 000 2
670 000 2
735 000 2
800 000 2
865 000 2
930 000 2
995 000 2
1060 000 2
1125 000 2
1190 000 2
1255 000 2
1320 000 2
