RES: 1280 720

155 000 2
155 025 2
155 050 2
155 075 2
155 100 2
155 125 2
155 150 2
155 175 2
155 200 2
155 225 2
155 250 2
155 275 2
155 300 2
155 325 2
155 350 2
155 375 2
155 400 2
155 425 2
155 450 2
155 475 2

1065 000 2
1065 025 2
1065 050 2
1065 075 2
1065 100 2
1065 125 2
1065 150 2
1065 175 2
1065 200 2
1065 225 2
1065 250 2
1065 275 2
1065 300 2
1065 325 2
1065 350 2
1065 375 2
1065 400 2
1065 425 2
1065 450 2
1065 475 2

220 475 2
285 475 2
350 475 2
415 475 2
480 475 2
545 475 2
610 475 2
675 475 2
740 475 2
805 475 2
870 475 2
935 475 2
1000 475 2

220 450 0
285 450 2
350 450 0
415 450 2
480 450 0
545 450 2
610 450 0
675 450 2
740 450 0
805 450 2
870 450 0
935 450 2
1000 450 0

220 425 0
285 425 0
350 425 0
415 425 0
480 425 0
545 425 0
610 425 0
675 425 0
740 425 0
805 425 0
870 425 0
935 425 0
1000 425 0

220 400 0
285 400 0
350 400 0
415 400 0
480 400 0
545 400 0
610 400 0
675 400 0
740 400 0
805 400 0
870 400 0
935 400 0
1000 400 0

220 375 2
285 375 0
350 375 2
415 375 0
480 375 2
545 375 0
610 375 2
675 375 0
740 375 2
805 375 0
870 375 2
935 375 0
1000 375 2

220 350 2
285 350 2
350 350 2
415 350 2
480 350 2
545 350 2
610 350 2
675 350 2
740 350 2
805 350 2
870 350 2
935 350 2
1000 350 2

220 325 2
285 325 2
350 350 2
415 350 2
480 350 2
545 350 2
610 350 2
675 350 2
740 350 2
805 350 2
870 350 2
935 350 2
1000 350 2

220 325 2
285 325 2
350 325 2
415 325 2
480 325 2
545 325 2
610 325 2
675 325 2
740 325 2
805 325 2
870 325 2
935 325 2
1000 325 2

220 300 2
285 300 2
350 300 2
415 300 2
480 300 2
545 300 2
610 300 2
675 300 2
740 300 2
805 300 2
870 300 2
935 300 2
1000 300 2

220 275 2
285 275 2
350 275 2
415 275 2
480 275 2
545 275 2
610 275 2
675 275 2
740 275 2
805 275 2
870 275 2
935 275 2
1000 275 2

220 250 2
285 250 2
350 250 2
415 250 2
480 250 2
545 250 2
610 250 2
675 250 2
740 250 2
805 250 2
870 250 2
935 250 2
1000 250 2

220 225 2
285 225 2
350 225 2
415 225 2
480 225 2
545 225 2
610 225 2
675 225 2
740 225 2
805 225 2
870 225 2
935 225 2
1000 225 2

220 200 2
285 200 0
350 200 0
415 200 2
480 200 2
545 200 2
610 200 2
675 200 2
740 200 2
805 200 2
870 200 0
935 200 0
1000 200 2

220 175 0
285 175 0
350 175 0
415 175 0
480 175 2
545 175 2
610 175 2
675 175 2
740 175 2
805 175 0
870 175 0
935 175 0
1000 175 0

220 150 0
285 150 0
350 150 0
415 150 0
480 150 2
545 150 2
610 150 2
675 150 2
740 150 2
805 150 0
870 150 0
935 150 0
1000 150 0

220 125 0
285 125 0
350 125 0
415 125 0
480 125 2
545 125 2
610 125 2
675 125 2
740 125 2
805 125 0
870 125 0
935 125 0
1000 125 0

220 100 0
285 100 0
350 100 0
415 100 0
480 100 2
545 100 2
610 100 2
675 100 2
740 100 2
805 100 0
870 100 0
935 100 0
1000 100 0

220 75 0
285 75 0
350 75 0
415 75 0
480 75 2
545 75 2
610 75 2
675 75 2
740 75 2
805 75 0
870 75 0
935 75 0
1000 75 0

220 50 0
285 50 0
350 50 0
415 50 0
480 50 2
545 50 2
610 50 2
675 50 2
740 50 2
805 50 0
870 50 0
935 50 0
1000 50 0

220 25 2
285 25 0
350 25 0
415 25 2
480 25 2
545 25 2
610 25 2
675 25 2
740 25 2
805 25 2
870 25 0
935 25 0
1000 25 2

220 000 2
285 000 2
350 000 2
415 000 2
480 000 2
545 000 2
610 000 2
675 000 2
740 000 2
805 000 2
870 000 2
935 000 2
1000 000 2
