0 000 2
0 025 2
0 050 2
0 075 2
0 100 2
0 125 2
0 150 2
0 175 2
0 200 2
0 225 2
0 250 2
0 275 2
0 300 2
0 325 2
0 350 2
0 375 2
0 400 2
0 425 2
0 450 2
0 475 2

910 000 2
910 025 2
910 050 2
910 075 2
910 100 2
910 125 2
910 150 2
910 175 2
910 200 2
910 225 2
910 250 2
910 275 2
910 300 2
910 325 2
910 350 2
910 375 2
910 400 2
910 425 2
910 450 2
910 475 2

65 475 2
130 475 2
195 475 2
260 475 2
325 475 2
390 475 2
455 475 2
520 475 2
585 475 2
650 475 2
715 475 2
780 475 2
845 475 2

65 450 0
130 450 2
195 450 0
260 450 2
325 450 0
390 450 2
455 450 0
520 450 2
585 450 0
650 450 2
715 450 0
780 450 2
845 450 0

65 425 0
130 425 0
195 425 0
260 425 0
325 425 0
390 425 0
455 425 0
520 425 0
585 425 0
650 425 0
715 425 0
780 425 0
845 425 0

65 400 0
130 400 0
195 400 0
260 400 0
325 400 0
390 400 0
455 400 0
520 400 0
585 400 0
650 400 0
715 400 0
780 400 0
845 400 0

65 375 2
130 375 0
195 375 2
260 375 0
325 375 2
390 375 0
455 375 2
520 375 0
585 375 2
650 375 0
715 375 2
780 375 0
845 375 2

65 350 2
130 350 2
195 350 2
260 350 2
325 350 2
390 350 2
455 350 2
520 350 2
585 350 2
650 350 2
715 350 2
780 350 2
845 350 2

65 325 2
130 325 2
195 350 2
260 350 2
325 350 2
390 350 2
455 350 2
520 350 2
585 350 2
650 350 2
715 350 2
780 350 2
845 350 2

65 325 2
130 325 2
195 325 2
260 325 2
325 325 2
390 325 2
455 325 2
520 325 2
585 325 2
650 325 2
715 325 2
780 325 2
845 325 2

65 300 2
130 300 2
195 300 2
260 300 2
325 300 2
390 300 2
455 300 2
520 300 2
585 300 2
650 300 2
715 300 2
780 300 2
845 300 2

65 275 2
130 275 2
195 275 2
260 275 2
325 275 2
390 275 2
455 275 2
520 275 2
585 275 2
650 275 2
715 275 2
780 275 2
845 275 2

65 250 2
130 250 2
195 250 2
260 250 2
325 250 2
390 250 2
455 250 2
520 250 2
585 250 2
650 250 2
715 250 2
780 250 2
845 250 2

65 225 2
130 225 2
195 225 2
260 225 2
325 225 2
390 225 2
455 225 2
520 225 2
585 225 2
650 225 2
715 225 2
780 225 2
845 225 2

65 200 2
130 200 0
195 200 0
260 200 2
325 200 2
390 200 2
455 200 2
520 200 2
585 200 2
650 200 2
715 200 0
780 200 0
845 200 2

65 175 0
130 175 0
195 175 0
260 175 0
325 175 2
390 175 2
455 175 2
520 175 2
585 175 2
650 175 0
715 175 0
780 175 0
845 175 0

65 150 0
130 150 0
195 150 0
260 150 0
325 150 2
390 150 2
455 150 2
520 150 2
585 150 2
650 150 0
715 150 0
780 150 0
845 150 0

65 125 0
130 125 0
195 125 0
260 125 0
325 125 2
390 125 2
455 125 2
520 125 2
585 125 2
650 125 0
715 125 0
780 125 0
845 125 0

65 100 0
130 100 0
195 100 0
260 100 0
325 100 2
390 100 2
455 100 2
520 100 2
585 100 2
650 100 0
715 100 0
780 100 0
845 100 0

65 75 0
130 75 0
195 75 0
260 75 0
325 75 2
390 75 2
455 75 2
520 75 2
585 75 2
650 75 0
715 75 0
780 75 0
845 75 0

65 50 0
130 50 0
195 50 0
260 50 0
325 50 2
390 50 2
455 50 2
520 50 2
585 50 2
650 50 0
715 50 0
780 50 0
845 50 0

65 25 2
130 25 0
195 25 0
260 25 2
325 25 2
390 25 2
455 25 2
520 25 2
585 25 2
650 25 2
715 25 0
780 25 0
845 25 2

65 000 2
130 000 2
195 000 2
260 000 2
325 000 2
390 000 2
455 000 2
520 000 2
585 000 2
650 000 2
715 000 2
780 000 2
845 000 2
